#  Magnitude  Err_Magnitude  HJD-2450000  [Seeing  Background  Airmass  ExposureTime[s]  QualityParameter  [Flux  Err_Flux  [PhotScale  Chi^2/Pixel]]]
19.054 0.122 7412.873949999921 7.24 1307.0 0.0 0 0
19.253 0.099 7415.864709999878 7.54 532.0 0.0 0 0
19.368 0.123 7416.863470000215 7.51 761.0 0.0 0 0
19.195 0.045 7424.854319999926 4.68 347.0 0.0 0 0
19.095 0.065 7425.8493599998765 6.13 454.0 0.0 0 0
19.132 0.079 7426.8487200001255 7.07 441.0 0.0 0 0
19.317 0.073 7427.843220000155 6.10 391.0 0.0 0 0
19.486 0.126 7427.886620000005 5.91 941.0 0.0 0 0
19.139 0.045 7428.8389400001615 5.01 348.0 0.0 0 0
19.130 0.049 7428.879050000105 4.82 407.0 0.0 0 0
19.175 0.053 7430.859699999914 5.28 556.0 0.0 0 0
19.314 0.060 7432.837359999772 5.28 328.0 0.0 0 0
19.153 0.047 7433.83589000022 5.03 331.0 0.0 0 0
19.468 0.096 7434.891439999919 4.26 995.0 0.0 0 0
19.293 0.093 7435.838520000223 7.70 491.0 0.0 0 0
19.112 0.054 7436.832109999843 6.16 305.0 0.0 0 0
19.259 0.048 7437.830959999934 4.55 293.0 0.0 0 0
19.119 0.038 7437.871110000182 4.39 234.0 0.0 0 0
19.297 0.071 7438.825629999861 5.18 523.0 0.0 0 0
19.205 0.052 7438.86444000015 5.01 308.0 0.0 0 0
19.169 0.078 7439.823669999838 5.82 587.0 0.0 0 0
19.186 0.061 7439.86473000003 5.03 447.0 0.0 0 0
19.301 0.070 7440.82089000009 4.48 706.0 0.0 0 0
19.213 0.057 7440.86314000003 4.21 552.0 0.0 0 0
19.112 0.078 7441.820280000102 5.76 680.0 0.0 0 0
19.199 0.054 7441.865160000045 4.09 529.0 0.0 0 0
19.123 0.080 7442.81269000005 6.43 636.0 0.0 0 0
19.106 0.061 7442.857760000043 5.00 532.0 0.0 0 0
19.386 0.096 7443.81240000017 6.03 598.0 0.0 0 0
19.133 0.064 7443.899019999895 5.01 578.0 0.0 0 0
19.256 0.079 7444.811120000202 6.13 510.0 0.0 0 0
19.230 0.078 7445.80989000015 6.14 504.0 0.0 0 0
19.205 0.056 7445.847209999803 4.96 417.0 0.0 0 0
19.148 0.048 7445.8868999998085 4.63 352.0 0.0 0 0
19.302 0.053 7446.831579999998 4.39 401.0 0.0 0 0
19.117 0.038 7446.871509999968 3.70 362.0 0.0 0 0
19.150 0.049 7447.806510000024 3.99 481.0 0.0 0 0
19.342 0.056 7447.843350000214 4.44 366.0 0.0 0 0
19.093 0.046 7447.881130000111 4.25 354.0 0.0 0 0
19.160 0.056 7448.821119999979 4.79 521.0 0.0 0 0
19.276 0.060 7448.863690000027 4.46 543.0 0.0 0 0
19.021 0.058 7448.908939999994 4.05 1002.0 0.0 0 0
19.187 0.059 7451.811040000059 4.34 659.0 0.0 0 0
19.241 0.071 7451.869520000182 5.03 561.0 0.0 0 0
19.063 0.042 7452.796420000028 4.31 357.0 0.0 0 0
19.196 0.038 7452.841589999851 3.79 296.0 0.0 0 0
19.146 0.034 7452.888379999902 3.80 252.0 0.0 0 0
19.250 0.040 7453.808960000053 3.85 307.0 0.0 0 0
19.200 0.037 7453.8630400002 3.90 271.0 0.0 0 0
19.206 0.070 7453.906979999971 3.47 1326.0 0.0 0 0
19.156 0.043 7454.888669999782 4.93 251.0 0.0 0 0
19.212 0.049 7455.816999999806 5.40 257.0 0.0 0 0
19.203 0.050 7455.861959999893 5.69 250.0 0.0 0 0
19.234 0.071 7456.790459999815 6.46 376.0 0.0 0 0
19.191 0.053 7456.837019999977 5.34 315.0 0.0 0 0
19.186 0.047 7456.891629999969 4.71 290.0 0.0 0 0
19.177 0.047 7457.798729999922 4.11 391.0 0.0 0 0
19.046 0.049 7457.848110000137 4.92 397.0 0.0 0 0
19.055 0.049 7457.902850000188 4.96 422.0 0.0 0 0
19.116 0.053 7458.8124199998565 5.58 304.0 0.0 0 0
19.130 0.045 7458.867060000077 5.29 238.0 0.0 0 0
19.264 0.059 7460.7806199998595 5.67 321.0 0.0 0 0
19.292 0.051 7460.826450000051 4.64 320.0 0.0 0 0
19.094 0.036 7460.8821899998 4.13 277.0 0.0 0 0
19.124 0.039 7461.783939999994 4.00 316.0 0.0 0 0
19.138 0.034 7461.828490000218 3.48 260.0 0.0 0 0
19.209 0.036 7461.892289999872 3.66 248.0 0.0 0 0
19.270 0.057 7462.781649999786 4.93 378.0 0.0 0 0
19.209 0.040 7462.830190000124 4.01 292.0 0.0 0 0
19.124 0.033 7462.889640000183 3.45 252.0 0.0 0 0
19.182 0.040 7463.8275999999605 4.11 276.0 0.0 0 0
19.140 0.036 7463.889450000133 3.62 274.0 0.0 0 0
19.112 0.037 7464.841289999895 4.03 332.0 0.0 0 0
19.104 0.048 7465.784500000067 5.18 329.0 0.0 0 0
19.045 0.042 7465.829229999799 4.43 349.0 0.0 0 0
19.162 0.044 7465.8833099999465 4.38 325.0 0.0 0 0
19.164 0.041 7466.85513000004 4.31 353.0 0.0 0 0
19.192 0.041 7466.904930000193 3.85 319.0 0.0 0 0
19.321 0.060 7467.829239999875 5.65 298.0 0.0 0 0
19.201 0.038 7467.874749999959 4.09 242.0 0.0 0 0
19.100 0.084 7470.753940000199 6.91 575.0 0.0 0 0
19.125 0.051 7470.8008500002325 4.47 492.0 0.0 0 0
19.297 0.071 7470.845449999906 5.65 449.0 0.0 0 0
19.210 0.046 7470.899689999875 3.99 416.0 0.0 0 0
19.033 0.061 7471.767049999908 5.21 586.0 0.0 0 0
19.041 0.055 7471.811060000211 4.86 518.0 0.0 0 0
19.244 0.057 7471.867980000097 4.56 456.0 0.0 0 0
19.253 0.059 7471.911960000172 4.50 493.0 0.0 0 0
19.337 0.070 7472.776719999965 5.15 489.0 0.0 0 0
19.017 0.047 7472.821430000011 4.55 440.0 0.0 0 0
19.238 0.054 7472.876550000161 4.59 408.0 0.0 0 0
19.295 0.083 7473.749379999936 6.03 619.0 0.0 0 0
19.179 0.057 7473.859019999858 5.14 517.0 0.0 0 0
19.283 0.075 7474.768339999951 5.54 532.0 0.0 0 0
19.228 0.058 7474.80757999979 4.82 478.0 0.0 0 0
19.084 0.050 7474.845550000202 4.69 454.0 0.0 0 0
19.180 0.061 7474.8838599999435 5.04 446.0 0.0 0 0
19.206 0.099 7475.741580000147 6.46 796.0 0.0 0 0
19.151 0.117 7475.865569999907 5.96 1351.0 0.0 0 0
19.216 0.058 7475.907879999839 4.80 475.0 0.0 0 0
19.232 0.074 7480.857720000204 6.99 316.0 0.0 0 0
19.173 0.050 7484.756370000076 5.76 260.0 0.0 0 0
19.072 0.043 7484.8599000000395 5.26 260.0 0.0 0 0
19.219 0.054 7485.774809999857 6.10 228.0 0.0 0 0
19.204 0.043 7485.88040000014 4.83 235.0 0.0 0 0
19.256 0.056 7486.78125 5.51 286.0 0.0 0 0
19.148 0.054 7486.89095999999 5.64 291.0 0.0 0 0
19.207 0.051 7487.774920000229 5.21 302.0 0.0 0 0
19.189 0.048 7487.8949899999425 4.91 317.0 0.0 0 0
19.245 0.045 7488.775789999869 5.06 238.0 0.0 0 0
19.183 0.043 7488.900189999957 4.08 367.0 0.0 0 0
19.258 0.050 7489.805480000097 4.91 338.0 0.0 0 0
19.210 0.055 7489.922989999875 5.40 324.0 0.0 0 0
19.219 0.051 7491.78776000021 5.67 262.0 0.0 0 0
19.085 0.033 7491.908720000181 4.03 232.0 0.0 0 0
19.081 0.038 7492.776180000044 4.46 262.0 0.0 0 0
19.155 0.038 7492.896769999992 3.98 297.0 0.0 0 0
19.079 0.037 7493.76379000023 4.59 230.0 0.0 0 0
19.143 0.037 7493.884279999882 4.54 210.0 0.0 0 0
19.231 0.045 7494.745389999822 4.71 252.0 0.0 0 0
19.241 0.039 7494.869799999986 3.94 280.0 0.0 0 0
19.153 0.053 7495.716490000021 5.04 342.0 0.0 0 0
19.218 0.050 7495.833920000121 5.33 263.0 0.0 0 0
19.092 0.044 7497.858250000048 4.58 352.0 0.0 0 0
19.267 0.067 7498.718140000012 5.33 462.0 0.0 0 0
19.214 0.058 7498.855270000175 5.11 405.0 0.0 0 0
19.091 0.057 7499.708850000054 5.09 528.0 0.0 0 0
19.344 0.063 7499.808970000129 4.86 418.0 0.0 0 0
19.205 0.059 7499.910240000114 5.13 430.0 0.0 0 0
19.105 0.065 7500.75 5.29 525.0 0.0 0 0
19.090 0.059 7500.850169999991 5.07 500.0 0.0 0 0
19.196 0.051 7507.759300000034 4.90 334.0 0.0 0 0
19.113 0.043 7507.864860000089 4.41 398.0 0.0 0 0
19.158 0.036 7508.684770000167 3.81 269.0 0.0 0 0
19.266 0.040 7508.69888000004 3.95 274.0 0.0 0 0
19.179 0.033 7508.807740000077 3.31 275.0 0.0 0 0
19.184 0.048 7508.910509999841 4.92 346.0 0.0 0 0
19.118 0.041 7509.802430000156 4.48 284.0 0.0 0 0
19.008 0.051 7509.904690000229 5.97 347.0 0.0 0 0
19.137 0.050 7509.918879999779 4.96 366.0 0.0 0 0
19.178 0.035 7511.7556099998765 3.72 260.0 0.0 0 0
19.145 0.045 7511.877139999997 4.70 334.0 0.0 0 0
19.230 0.043 7512.835959999822 4.76 252.0 0.0 0 0
19.173 0.057 7519.814929999877 5.82 384.0 0.0 0 0
19.286 0.088 7522.882629999891 6.90 430.0 0.0 0 0
19.081 0.047 7523.8809099998325 5.40 317.0 0.0 0 0
19.167 0.060 7526.651099999901 5.08 494.0 0.0 0 0
19.197 0.056 7526.774960000068 4.32 653.0 0.0 0 0
19.335 0.080 7526.895219999831 6.02 455.0 0.0 0 0
19.302 0.087 7528.886719999835 5.36 695.0 0.0 0 0
19.000 0.096 7529.786760000046 7.81 648.0 0.0 0 0
19.091 0.062 7530.744940000121 4.43 833.0 0.0 0 0
19.305 0.063 7534.727740000002 5.23 381.0 0.0 0 0
19.046 0.051 7534.841579999775 5.38 446.0 0.0 0 0
18.996 0.055 7536.61250999989 6.67 315.0 0.0 0 0
19.118 0.041 7536.7379399999045 4.38 296.0 0.0 0 0
19.348 0.059 7536.8380900002085 4.76 329.0 0.0 0 0
19.072 0.045 7545.7502199998125 5.39 270.0 0.0 0 0
19.183 0.054 7545.882530000061 5.22 342.0 0.0 0 0
19.155 0.047 7546.671399999876 6.19 186.0 0.0 0 0
19.150 0.050 7546.806020000018 5.84 253.0 0.0 0 0
19.120 0.067 7546.9045699997805 5.84 489.0 0.0 0 0
19.120 0.062 7547.549130000174 6.74 301.0 0.0 0 0
19.131 0.038 7547.657949999906 4.86 199.0 0.0 0 0
19.152 0.044 7547.79962999979 5.76 202.0 0.0 0 0
19.428 0.090 7547.898109999951 8.80 312.0 0.0 0 0
19.113 0.042 7548.794590000063 5.62 273.0 0.0 0 0
19.123 0.035 7549.6726999999955 4.50 189.0 0.0 0 0
19.128 0.043 7549.810670000035 5.64 231.0 0.0 0 0
19.292 0.064 7549.908739999868 5.91 343.0 0.0 0 0
19.091 0.063 7550.663579999935 7.74 223.0 0.0 0 0
19.198 0.050 7550.803199999966 5.16 342.0 0.0 0 0
19.297 0.083 7550.902170000132 6.09 521.0 0.0 0 0
19.015 0.079 7554.564749999903 6.37 1392.0 0.0 0 0
19.176 0.059 7554.737470000051 6.12 367.0 0.0 0 0
19.153 0.055 7555.599700000137 5.30 393.0 0.0 0 0
19.246 0.049 7555.707070000004 4.48 385.0 0.0 0 0
19.139 0.048 7555.8097000001 5.02 343.0 0.0 0 0
19.118 0.052 7557.648130000103 4.29 523.0 0.0 0 0
19.121 0.061 7557.700920000207 4.53 682.0 0.0 0 0
19.081 0.057 7557.771759999916 5.21 622.0 0.0 0 0
19.006 0.075 7561.519629999995 5.65 788.0 0.0 0 0
19.218 0.077 7561.6556199998595 3.98 1228.0 0.0 0 0
19.239 0.071 7561.772849999834 5.51 602.0 0.0 0 0
19.194 0.093 7562.533150000032 5.97 852.0 0.0 0 0
19.284 0.071 7562.64935000008 4.94 745.0 0.0 0 0
19.147 0.069 7566.614560000133 7.59 289.0 0.0 0 0
19.242 0.048 7566.726999999955 5.52 222.0 0.0 0 0
19.272 0.065 7566.826169999782 5.55 409.0 0.0 0 0
19.276 0.062 7567.534440000076 5.30 430.0 0.0 0 0
19.232 0.050 7567.653719999827 4.51 344.0 0.0 0 0
19.160 0.058 7567.756029999815 5.92 357.0 0.0 0 0
19.104 0.071 7567.854350000154 6.27 517.0 0.0 0 0
19.154 0.047 7568.628450000193 5.87 227.0 0.0 0 0
19.133 0.065 7568.754850000143 7.21 285.0 0.0 0 0
19.099 0.066 7569.523109999951 7.44 346.0 0.0 0 0
19.166 0.059 7569.545940000098 6.13 269.0 0.0 0 0
19.179 0.045 7569.6564199998975 5.00 270.0 0.0 0 0
19.265 0.063 7569.772350000218 6.32 302.0 0.0 0 0
19.113 0.037 7570.596499999985 4.86 309.0 0.0 0 0
19.036 0.043 7570.693990000058 6.17 210.0 0.0 0 0
19.251 0.050 7570.7362500000745 5.74 247.0 0.0 0 0
19.148 0.050 7570.784080000129 5.98 282.0 0.0 0 0
19.264 0.079 7570.845230000094 7.41 325.0 0.0 0 0
19.159 0.046 7573.604480000213 5.76 212.0 0.0 0 0
19.139 0.040 7573.655470000114 5.22 187.0 0.0 0 0
19.038 0.042 7573.709350000136 6.14 189.0 0.0 0 0
19.229 0.058 7575.537080000155 6.46 235.0 0.0 0 0
19.019 0.050 7575.586319999769 6.94 207.0 0.0 0 0
19.158 0.045 7575.638929999899 5.88 206.0 0.0 0 0
19.109 0.034 7575.689040000085 4.47 181.0 0.0 0 0
19.028 0.038 7575.72844000021 5.28 214.0 0.0 0 0
19.186 0.044 7575.767049999908 5.27 216.0 0.0 0 0
19.057 0.045 7575.80541000003 5.66 258.0 0.0 0 0
19.143 0.044 7576.505179999862 5.10 286.0 0.0 0 0
19.161 0.040 7576.573249999899 5.38 198.0 0.0 0 0
19.219 0.033 7576.630570000038 3.85 187.0 0.0 0 0
19.200 0.042 7576.672559999861 4.99 203.0 0.0 0 0
19.231 0.045 7576.711149999872 5.48 197.0 0.0 0 0
19.314 0.053 7576.749569999985 5.91 199.0 0.0 0 0
19.128 0.048 7576.787620000076 5.86 224.0 0.0 0 0
19.193 0.055 7576.82610000018 5.80 283.0 0.0 0 0
19.134 0.060 7577.544170000125 7.23 238.0 0.0 0 0
19.216 0.046 7577.588279999793 5.34 277.0 0.0 0 0
19.106 0.043 7579.616719999816 5.39 243.0 0.0 0 0
19.071 0.041 7579.671750000212 5.37 261.0 0.0 0 0
19.176 0.061 7579.725779999979 7.04 256.0 0.0 0 0
19.295 0.057 7579.766379999928 5.91 267.0 0.0 0 0
19.131 0.044 7581.750899999868 5.30 291.0 0.0 0 0
19.012 0.049 7581.806720000226 6.05 307.0 0.0 0 0
19.155 0.067 7582.657829999924 6.86 366.0 0.0 0 0
19.177 0.052 7582.729910000227 6.07 252.0 0.0 0 0
19.250 0.061 7583.756450000219 5.71 303.0 0.0 0 0
19.339 0.078 7584.500779999886 5.85 435.0 0.0 0 0
19.150 0.057 7584.539049999788 5.15 422.0 0.0 0 0
19.052 0.060 7584.577730000019 6.13 405.0 0.0 0 0
19.165 0.060 7584.61612999998 5.43 377.0 0.0 0 0
19.132 0.056 7584.656529999804 5.60 366.0 0.0 0 0
19.157 0.066 7584.694469999988 6.22 376.0 0.0 0 0
19.143 0.057 7584.73283000011 5.46 405.0 0.0 0 0
19.187 0.067 7584.783139999956 5.87 455.0 0.0 0 0
19.217 0.088 7589.498759999871 5.85 718.0 0.0 0 0
19.222 0.077 7589.544189999811 5.27 670.0 0.0 0 0
19.024 0.069 7589.583060000092 5.61 672.0 0.0 0 0
19.133 0.071 7589.627530000173 5.69 615.0 0.0 0 0
19.186 0.084 7589.672439999878 6.43 598.0 0.0 0 0
19.051 0.071 7589.710609999951 5.90 632.0 0.0 0 0
19.336 0.119 7589.756980000064 6.72 756.0 0.0 0 0
19.054 0.086 7589.795289999805 5.70 963.0 0.0 0 0
19.078 0.083 7590.471899999771 6.75 584.0 0.0 0 0
19.130 0.054 7590.509769999888 4.67 493.0 0.0 0 0
19.215 0.052 7590.547540000174 4.06 518.0 0.0 0 0
19.164 0.047 7590.586050000042 4.07 459.0 0.0 0 0
19.047 0.046 7590.629180000164 4.77 394.0 0.0 0 0
18.976 0.048 7590.670150000136 5.46 420.0 0.0 0 0
19.306 0.074 7590.707859999966 5.34 553.0 0.0 0 0
19.183 0.063 7590.760110000148 5.34 504.0 0.0 0 0
19.201 0.058 7591.504759999923 5.11 671.0 0.0 0 0
19.270 0.058 7593.485020000022 6.35 223.0 0.0 0 0
19.167 0.046 7593.532730000094 5.55 208.0 0.0 0 0
19.225 0.043 7593.57928000018 5.02 198.0 0.0 0 0
19.302 0.053 7593.625409999862 5.68 211.0 0.0 0 0
19.237 0.045 7593.66343000019 5.43 213.0 0.0 0 0
19.092 0.041 7593.700600000098 5.58 218.0 0.0 0 0
19.046 0.040 7593.739279999863 5.51 235.0 0.0 0 0
19.308 0.054 7593.776649999898 5.54 275.0 0.0 0 0
19.214 0.063 7595.5769600002095 6.99 247.0 0.0 0 0
19.188 0.076 7595.709449999966 7.67 304.0 0.0 0 0
19.159 0.040 7596.505619999953 4.82 235.0 0.0 0 0
19.188 0.034 7596.5550799998455 4.17 323.0 0.0 0 0
19.376 0.060 7597.584460000042 6.15 411.0 0.0 0 0
19.163 0.063 7599.5112100001425 6.41 290.0 0.0 0 0
19.310 0.066 7599.593200000003 7.24 207.0 0.0 0 0
19.214 0.056 7599.63609000016 5.68 228.0 0.0 0 0
19.049 0.048 7599.717000000179 5.82 241.0 0.0 0 0
19.044 0.046 7599.758659999818 5.25 258.0 0.0 0 0
19.135 0.063 7600.520169999916 7.09 259.0 0.0 0 0
19.108 0.051 7600.585940000135 5.80 239.0 0.0 0 0
19.031 0.045 7600.677860000171 5.84 232.0 0.0 0 0
19.135 0.050 7601.74132000003 6.20 218.0 0.0 0 0
19.153 0.062 7602.497409999836 6.65 285.0 0.0 0 0
19.205 0.059 7602.542960000224 6.38 247.0 0.0 0 0
19.206 0.053 7602.58227000013 5.91 228.0 0.0 0 0
19.176 0.056 7602.63956000004 6.38 232.0 0.0 0 0
19.048 0.043 7602.677300000098 5.61 239.0 0.0 0 0
19.228 0.061 7602.714620000217 6.38 263.0 0.0 0 0
19.030 0.056 7602.754379999824 6.24 331.0 0.0 0 0
19.057 0.049 7603.472469999921 5.19 358.0 0.0 0 0
19.165 0.049 7603.5099999997765 5.73 212.0 0.0 0 0
19.233 0.043 7603.55690999981 4.96 202.0 0.0 0 0
19.273 0.047 7603.604689999949 5.51 196.0 0.0 0 0
19.195 0.039 7603.64254999999 4.94 182.0 0.0 0 0
19.203 0.042 7603.680130000226 5.36 182.0 0.0 0 0
19.279 0.052 7603.719889999833 5.94 207.0 0.0 0 0
19.183 0.055 7603.757550000213 6.47 229.0 0.0 0 0
19.123 0.055 7604.480049999896 6.19 282.0 0.0 0 0
19.181 0.058 7604.5208800002 6.18 273.0 0.0 0 0
19.135 0.040 7604.558230000082 4.50 250.0 0.0 0 0
19.172 0.042 7604.598249999806 5.39 188.0 0.0 0 0
19.177 0.044 7604.636340000201 6.08 175.0 0.0 0 0
19.061 0.042 7604.674769999925 6.10 183.0 0.0 0 0
19.219 0.047 7604.71223999979 5.11 215.0 0.0 0 0
19.257 0.052 7604.750459999777 5.44 242.0 0.0 0 0
19.117 0.044 7605.487259999849 5.78 221.0 0.0 0 0
19.138 0.045 7605.529509999789 6.01 213.0 0.0 0 0
19.211 0.049 7605.581269999966 5.91 199.0 0.0 0 0
19.133 0.049 7605.628229999915 6.26 216.0 0.0 0 0
19.140 0.050 7605.665969999973 5.91 243.0 0.0 0 0
19.090 0.052 7605.703499999829 6.27 259.0 0.0 0 0
19.160 0.053 7605.740790000185 5.34 305.0 0.0 0 0
19.070 0.050 7606.689470000099 6.62 224.0 0.0 0 0
19.331 0.089 7606.740060000215 8.29 264.0 0.0 0 0
19.148 0.053 7607.502379999962 6.10 249.0 0.0 0 0
19.249 0.055 7607.567799999844 6.07 214.0 0.0 0 0
19.224 0.051 7607.613499999978 6.33 182.0 0.0 0 0
19.153 0.043 7607.657149999868 5.42 175.0 0.0 0 0
19.182 0.045 7607.70075999992 5.48 192.0 0.0 0 0
19.160 0.053 7607.742589999922 6.22 227.0 0.0 0 0
19.141 0.051 7608.488590000197 6.20 227.0 0.0 0 0
19.128 0.037 7608.546769999899 4.73 208.0 0.0 0 0
19.196 0.041 7608.619750000071 4.38 229.0 0.0 0 0
19.206 0.044 7608.664080000017 4.53 219.0 0.0 0 0
19.146 0.046 7608.708469999954 4.88 253.0 0.0 0 0
19.025 0.053 7608.751279999968 6.02 313.0 0.0 0 0
19.079 0.053 7609.489570000209 6.12 265.0 0.0 0 0
19.138 0.054 7609.533840000164 5.91 285.0 0.0 0 0
19.085 0.042 7609.600449999794 5.30 222.0 0.0 0 0
19.110 0.046 7609.644530000165 5.31 239.0 0.0 0 0
19.274 0.062 7609.693919999991 5.61 277.0 0.0 0 0
19.113 0.055 7610.503560000099 6.22 276.0 0.0 0 0
19.149 0.049 7610.554659999907 5.34 267.0 0.0 0 0
19.002 0.041 7610.618600000162 5.18 258.0 0.0 0 0
19.184 0.045 7610.662529999856 4.42 297.0 0.0 0 0
19.179 0.050 7610.70654999977 4.66 321.0 0.0 0 0
19.197 0.076 7611.523899999913 4.90 730.0 0.0 0 0
19.079 0.052 7611.633359999862 5.91 276.0 0.0 0 0
19.138 0.064 7611.679150000215 6.38 320.0 0.0 0 0
19.283 0.083 7612.481139999814 6.29 467.0 0.0 0 0
19.191 0.082 7612.521569999866 4.94 932.0 0.0 0 0
19.088 0.056 7612.561639999971 5.28 435.0 0.0 0 0
19.317 0.086 7612.5999099998735 5.43 713.0 0.0 0 0
19.014 0.073 7612.637529999949 6.26 621.0 0.0 0 0
19.081 0.080 7612.675379999913 6.11 735.0 0.0 0 0
19.074 0.061 7612.712989999913 5.22 510.0 0.0 0 0
19.032 0.066 7616.482619999908 5.78 565.0 0.0 0 0
18.918 0.073 7616.529440000188 4.85 1189.0 0.0 0 0
19.304 0.071 7616.5764100002125 5.53 484.0 0.0 0 0
19.204 0.060 7616.622800000012 5.11 491.0 0.0 0 0
19.146 0.061 7616.675509999972 5.08 563.0 0.0 0 0
19.173 0.074 7617.511779999826 6.24 490.0 0.0 0 0
19.340 0.086 7617.559669999871 6.21 466.0 0.0 0 0
19.268 0.083 7617.603839999996 5.72 502.0 0.0 0 0
19.348 0.076 7617.647590000182 4.97 520.0 0.0 0 0
19.220 0.082 7617.691339999903 5.22 626.0 0.0 0 0
19.197 0.062 7618.519090000074 4.76 508.0 0.0 0 0
19.171 0.061 7618.564609999768 5.02 474.0 0.0 0 0
19.084 0.064 7618.6082100002095 5.77 494.0 0.0 0 0
18.949 0.058 7618.651920000091 5.13 551.0 0.0 0 0
19.203 0.079 7618.693740000017 5.22 706.0 0.0 0 0
19.211 0.076 7619.554880000185 6.77 391.0 0.0 0 0
19.258 0.058 7621.4865000001155 6.33 247.0 0.0 0 0
19.167 0.051 7621.550259999931 5.54 289.0 0.0 0 0
19.231 0.055 7621.600540000014 5.73 282.0 0.0 0 0
19.075 0.056 7621.649749999866 6.09 353.0 0.0 0 0
19.250 0.076 7621.696440000087 6.85 366.0 0.0 0 0
19.226 0.047 7622.507530000061 5.11 224.0 0.0 0 0
19.164 0.044 7622.556749999989 4.90 222.0 0.0 0 0
19.173 0.050 7622.611099999864 4.95 300.0 0.0 0 0
19.171 0.044 7622.664729999844 3.97 306.0 0.0 0 0
19.223 0.050 7622.700710000005 4.50 344.0 0.0 0 0
19.146 0.058 7623.485650000162 5.91 304.0 0.0 0 0
19.227 0.049 7623.532409999985 4.93 263.0 0.0 0 0
19.231 0.044 7623.595759999938 4.66 228.0 0.0 0 0
19.126 0.044 7623.639950000215 4.76 257.0 0.0 0 0
19.165 0.051 7623.683960000053 5.36 300.0 0.0 0 0
19.139 0.061 7624.472320000175 5.19 471.0 0.0 0 0
19.041 0.041 7624.519799999893 5.09 266.0 0.0 0 0
19.118 0.049 7624.58348000003 5.80 242.0 0.0 0 0
19.218 0.050 7624.631639999803 5.55 243.0 0.0 0 0
19.210 0.052 7624.678319999948 5.37 289.0 0.0 0 0
19.224 0.048 7625.504999999888 5.09 275.0 0.0 0 0
19.200 0.046 7625.576809999999 5.28 273.0 0.0 0 0
19.201 0.051 7625.620670000091 5.73 249.0 0.0 0 0
19.009 0.047 7625.674839999992 6.56 231.0 0.0 0 0
19.051 0.043 7626.507629999891 4.69 298.0 0.0 0 0
19.158 0.052 7626.561639999971 5.84 276.0 0.0 0 0
19.214 0.050 7626.628250000067 5.29 259.0 0.0 0 0
19.245 0.051 7626.672970000189 4.74 285.0 0.0 0 0
19.069 0.041 7630.52676999988 5.12 238.0 0.0 0 0
19.171 0.047 7630.571570000146 5.32 234.0 0.0 0 0
19.230 0.048 7630.616119999904 5.14 240.0 0.0 0 0
19.139 0.047 7630.659909999929 5.23 236.0 0.0 0 0
19.163 0.042 7631.518029999919 4.47 265.0 0.0 0 0
19.164 0.039 7631.5631300001405 4.72 236.0 0.0 0 0
19.162 0.037 7631.60773999989 3.96 246.0 0.0 0 0
19.042 0.036 7631.651289999951 4.57 254.0 0.0 0 0
19.161 0.041 7632.517370000016 4.52 216.0 0.0 0 0
19.172 0.045 7632.562320000026 4.77 248.0 0.0 0 0
19.152 0.044 7632.607259999961 4.66 256.0 0.0 0 0
19.192 0.055 7632.649960000068 5.18 288.0 0.0 0 0
19.117 0.060 7633.574390000198 6.70 263.0 0.0 0 0
19.154 0.054 7633.619830000214 5.97 262.0 0.0 0 0
19.218 0.069 7634.505189999938 7.65 219.0 0.0 0 0
19.191 0.060 7634.550749999937 7.19 210.0 0.0 0 0
19.362 0.080 7635.476580000017 6.69 319.0 0.0 0 0
19.143 0.058 7635.53573000012 6.51 270.0 0.0 0 0
19.152 0.051 7635.5876799998805 5.89 256.0 0.0 0 0
19.163 0.068 7636.491260000039 7.17 283.0 0.0 0 0
19.406 0.075 7636.543190000113 6.62 275.0 0.0 0 0
19.194 0.064 7636.588359999936 6.89 270.0 0.0 0 0
19.325 0.062 7636.630239999853 5.76 281.0 0.0 0 0
19.058 0.054 7637.499770000111 6.78 248.0 0.0 0 0
19.175 0.049 7637.548469999805 5.97 230.0 0.0 0 0
19.378 0.055 7637.5923199998215 5.45 249.0 0.0 0 0
19.228 0.062 7637.634260000195 6.13 298.0 0.0 0 0
19.132 0.068 7638.514950000215 6.50 460.0 0.0 0 0
19.133 0.059 7638.573290000204 5.50 458.0 0.0 0 0
19.299 0.093 7639.4737200001255 6.85 440.0 0.0 0 0
19.223 0.064 7639.527989999857 5.37 335.0 0.0 0 0
19.111 0.040 7639.58284999989 3.92 305.0 0.0 0 0
19.220 0.047 7639.626730000135 4.16 341.0 0.0 0 0
19.147 0.101 7643.574690000154 7.03 617.0 0.0 0 0
19.221 0.102 7644.49291000003 6.93 553.0 0.0 0 0
19.083 0.086 7644.573539999779 5.26 984.0 0.0 0 0
19.056 0.058 7647.554419999942 5.45 528.0 0.0 0 0
19.207 0.096 7647.605080000125 6.58 618.0 0.0 0 0
19.414 0.091 7648.519210000057 6.03 444.0 0.0 0 0
19.199 0.067 7648.563190000132 5.09 502.0 0.0 0 0
19.278 0.077 7648.6064499998465 4.93 606.0 0.0 0 0
19.262 0.054 7649.5134999998845 4.51 455.0 0.0 0 0
19.222 0.059 7649.55839999998 4.48 468.0 0.0 0 0
19.209 0.060 7649.60242999997 4.63 544.0 0.0 0 0
19.156 0.058 7650.470220000017 5.10 481.0 0.0 0 0
18.975 0.046 7651.524770000018 5.44 386.0 0.0 0 0
19.303 0.056 7652.552699999884 5.59 299.0 0.0 0 0
19.148 0.048 7653.589449999854 5.32 306.0 0.0 0 0
19.152 0.073 7656.470920000225 6.05 505.0 0.0 0 0
19.104 0.051 7657.577229999937 5.39 364.0 0.0 0 0
19.158 0.066 7660.526209999807 6.18 378.0 0.0 0 0
19.036 0.073 7662.471940000076 7.10 458.0 0.0 0 0
19.461 0.117 7664.541610000189 7.23 480.0 0.0 0 0
19.376 0.093 7666.510679999832 7.21 400.0 0.0 0 0
19.275 0.087 7671.530009999871 6.31 508.0 0.0 0 0
19.263 0.096 7679.510689999908 7.03 551.0 0.0 0 0
19.145 0.060 7790.845329999924 5.91 384.0 0.0 0 0
19.294 0.081 7790.860830000136 4.63 887.0 0.0 0 0
19.240 0.053 7791.840139999986 4.97 344.0 0.0 0 0
19.230 0.060 7792.836110000033 4.91 505.0 0.0 0 0
19.192 0.063 7793.833240000065 4.95 573.0 0.0 0 0
19.049 0.063 7793.864639999811 4.41 941.0 0.0 0 0
19.287 0.109 7794.833690000232 6.82 706.0 0.0 0 0
19.181 0.088 7795.838380000088 6.32 712.0 0.0 0 0
19.205 0.062 7796.842009999789 4.65 538.0 0.0 0 0
19.095 0.071 7797.846960000228 5.21 677.0 0.0 0 0
19.120 0.052 7798.846340000164 4.67 437.0 0.0 0 0
18.970 0.059 7799.841289999895 5.93 487.0 0.0 0 0
19.056 0.054 7800.82499000011 5.43 423.0 0.0 0 0
19.114 0.086 7801.815169999842 6.45 662.0 0.0 0 0
19.290 0.078 7801.860479999799 5.19 583.0 0.0 0 0
19.069 0.075 7802.858070000075 6.98 529.0 0.0 0 0
19.312 0.103 7803.841060000006 4.90 1235.0 0.0 0 0
19.131 0.053 7807.799680000171 5.65 301.0 0.0 0 0
19.100 0.045 7807.846280000173 5.07 286.0 0.0 0 0
19.290 0.072 7808.802540000062 6.51 322.0 0.0 0 0
19.114 0.052 7809.809090000112 5.34 364.0 0.0 0 0
19.047 0.043 7809.856730000116 5.04 290.0 0.0 0 0
19.164 0.047 7810.805590000004 4.60 345.0 0.0 0 0
19.131 0.045 7810.853019999806 5.05 294.0 0.0 0 0
19.123 0.049 7811.810899999924 5.22 335.0 0.0 0 0
19.157 0.046 7811.856159999967 5.05 294.0 0.0 0 0
19.054 0.045 7812.826809999999 4.66 332.0 0.0 0 0
19.213 0.055 7812.8716299999505 4.54 406.0 0.0 0 0
19.220 0.057 7813.8159199999645 4.82 396.0 0.0 0 0
19.170 0.047 7814.825579999946 4.30 290.0 0.0 0 0
18.996 0.057 7814.873190000188 4.24 749.0 0.0 0 0
19.197 0.052 7815.838909999933 4.91 300.0 0.0 0 0
19.289 0.067 7816.783259999938 5.99 322.0 0.0 0 0
19.202 0.045 7816.828430000227 4.57 287.0 0.0 0 0
19.133 0.048 7817.779380000196 4.67 376.0 0.0 0 0
19.059 0.038 7817.8246499998495 3.93 341.0 0.0 0 0
19.100 0.044 7817.869839999825 4.09 444.0 0.0 0 0
19.103 0.044 7818.810539999977 4.52 315.0 0.0 0 0
19.104 0.038 7818.855630000122 4.19 286.0 0.0 0 0
19.079 0.048 7819.790039999876 4.96 289.0 0.0 0 0
19.073 0.041 7819.841800000053 4.66 260.0 0.0 0 0
19.187 0.053 7820.798400000203 4.98 344.0 0.0 0 0
19.190 0.046 7820.84422999993 4.37 319.0 0.0 0 0
19.166 0.063 7821.782500000205 4.99 435.0 0.0 0 0
19.097 0.056 7821.826820000075 5.61 342.0 0.0 0 0
19.163 0.069 7822.774569999892 5.59 561.0 0.0 0 0
19.190 0.061 7822.819180000108 5.31 414.0 0.0 0 0
19.189 0.047 7822.863919999916 4.68 305.0 0.0 0 0
19.071 0.048 7823.804210000206 4.11 500.0 0.0 0 0
19.105 0.046 7823.8487700000405 4.42 413.0 0.0 0 0
19.143 0.067 7824.7998899999075 5.46 515.0 0.0 0 0
19.162 0.067 7824.844620000105 5.77 452.0 0.0 0 0
19.105 0.058 7825.791280000005 4.93 528.0 0.0 0 0
19.045 0.051 7825.83589000022 4.84 443.0 0.0 0 0
19.187 0.073 7826.749429999851 5.45 620.0 0.0 0 0
19.027 0.061 7826.79450999992 5.61 538.0 0.0 0 0
19.260 0.071 7826.83917000005 5.56 482.0 0.0 0 0
19.109 0.052 7827.768230000045 4.65 471.0 0.0 0 0
19.100 0.048 7827.812539999839 4.54 414.0 0.0 0 0
19.185 0.048 7827.857309999876 4.30 392.0 0.0 0 0
19.254 0.058 7828.7815800001845 4.53 478.0 0.0 0 0
19.090 0.046 7828.826030000113 4.37 420.0 0.0 0 0
19.148 0.049 7828.870879999828 4.49 407.0 0.0 0 0
19.188 0.064 7829.80773 4.71 568.0 0.0 0 0
18.990 0.079 7830.766019999981 4.19 1735.0 0.0 0 0
19.086 0.063 7830.807070000097 4.62 782.0 0.0 0 0
19.194 0.062 7830.845399999991 4.35 663.0 0.0 0 0
19.230 0.069 7834.75139999995 6.68 317.0 0.0 0 0
19.045 0.041 7834.797809999902 4.93 287.0 0.0 0 0
19.026 0.044 7834.8449699999765 5.52 266.0 0.0 0 0
19.086 0.057 7835.718880000059 7.18 237.0 0.0 0 0
19.171 0.072 7835.791309999768 7.78 253.0 0.0 0 0
19.175 0.050 7835.843069999944 5.53 248.0 0.0 0 0
19.030 0.059 7836.7232200000435 6.98 295.0 0.0 0 0
19.101 0.055 7836.780079999939 6.74 237.0 0.0 0 0
19.117 0.044 7836.829140000045 5.41 228.0 0.0 0 0
19.135 0.062 7836.877049999777 5.94 394.0 0.0 0 0
19.102 0.044 7837.74691999983 5.44 229.0 0.0 0 0
19.126 0.044 7837.793240000028 5.51 215.0 0.0 0 0
19.082 0.036 7837.8400799999945 4.44 236.0 0.0 0 0
19.127 0.054 7838.716250000056 5.74 314.0 0.0 0 0
19.048 0.046 7838.762320000213 5.40 278.0 0.0 0 0
19.156 0.044 7838.817840000149 4.83 282.0 0.0 0 0
19.072 0.038 7838.865660000127 4.56 262.0 0.0 0 0
19.165 0.037 7839.723790000193 4.13 221.0 0.0 0 0
19.104 0.033 7839.783160000108 4.12 206.0 0.0 0 0
19.155 0.035 7839.832289999817 4.21 203.0 0.0 0 0
19.031 0.045 7840.70418999996 5.53 282.0 0.0 0 0
19.050 0.041 7840.751809999812 5.39 222.0 0.0 0 0
19.034 0.037 7840.808389999904 4.68 229.0 0.0 0 0
19.165 0.036 7840.855909999926 4.21 229.0 0.0 0 0
18.991 0.056 7841.73302999977 7.59 238.0 0.0 0 0
19.151 0.053 7841.779079999775 6.55 226.0 0.0 0 0
19.162 0.061 7841.824469999876 6.98 238.0 0.0 0 0
19.161 0.051 7842.726019999944 6.09 234.0 0.0 0 0
18.988 0.040 7842.772410000209 5.56 230.0 0.0 0 0
19.132 0.049 7842.818919999991 5.69 255.0 0.0 0 0
19.124 0.045 7842.872969999909 5.17 273.0 0.0 0 0
19.093 0.040 7843.730169999879 5.00 221.0 0.0 0 0
19.133 0.044 7843.78554000007 5.57 205.0 0.0 0 0
19.059 0.035 7843.832440000027 4.74 197.0 0.0 0 0
19.038 0.045 7843.881889999844 5.11 308.0 0.0 0 0
18.995 0.036 7844.7264200001955 5.06 220.0 0.0 0 0
19.024 0.053 7844.781830000225 7.14 217.0 0.0 0 0
19.086 0.052 7844.827419999987 6.72 218.0 0.0 0 0
19.172 0.069 7844.881649999879 5.84 484.0 0.0 0 0
19.035 0.046 7845.7193800001405 5.91 242.0 0.0 0 0
19.102 0.043 7845.774689999875 5.12 235.0 0.0 0 0
19.069 0.042 7845.821349999867 5.55 225.0 0.0 0 0
19.113 0.037 7845.872659999877 4.49 229.0 0.0 0 0
19.033 0.039 7846.720770000014 5.15 225.0 0.0 0 0
19.151 0.044 7846.76697000023 5.43 212.0 0.0 0 0
19.050 0.039 7846.812380000018 5.15 215.0 0.0 0 0
19.044 0.044 7846.863679999951 5.58 236.0 0.0 0 0
19.048 0.047 7847.70018000016 5.79 252.0 0.0 0 0
18.991 0.036 7847.746179999784 4.72 231.0 0.0 0 0
19.120 0.041 7847.802279999945 4.84 227.0 0.0 0 0
19.001 0.037 7847.851770000067 4.78 225.0 0.0 0 0
19.076 0.053 7848.683379999828 5.73 336.0 0.0 0 0
19.084 0.045 7848.728819999844 5.69 226.0 0.0 0 0
19.054 0.035 7848.7746799997985 4.75 207.0 0.0 0 0
19.045 0.032 7848.831710000057 4.17 208.0 0.0 0 0
19.018 0.041 7848.880319999997 4.73 306.0 0.0 0 0
19.079 0.042 7849.71089000022 4.65 320.0 0.0 0 0
19.074 0.037 7849.757199999876 4.46 235.0 0.0 0 0
19.110 0.033 7849.812899999786 4.04 229.0 0.0 0 0
19.031 0.034 7849.863859999925 4.32 227.0 0.0 0 0
19.055 0.058 7850.692170000169 5.71 372.0 0.0 0 0
19.144 0.061 7850.7390399998985 6.22 321.0 0.0 0 0
19.112 0.040 7850.784680000041 4.72 250.0 0.0 0 0
19.115 0.037 7850.8424800001085 4.45 227.0 0.0 0 0
18.934 0.067 7851.670270000119 6.66 513.0 0.0 0 0
19.105 0.060 7851.724940000102 5.95 375.0 0.0 0 0
19.029 0.047 7851.77136000013 5.37 329.0 0.0 0 0
19.020 0.037 7851.818059999961 4.68 252.0 0.0 0 0
19.090 0.042 7851.878289999906 4.71 282.0 0.0 0 0
18.952 0.046 7852.798990000039 6.13 297.0 0.0 0 0
19.056 0.047 7852.848269999959 5.76 259.0 0.0 0 0
19.082 0.071 7853.830420000013 7.53 340.0 0.0 0 0
19.180 0.062 7853.842029999942 6.19 333.0 0.0 0 0
18.952 0.059 7853.873430000152 7.16 325.0 0.0 0 0
18.962 0.053 7854.677699999884 4.93 576.0 0.0 0 0
18.998 0.051 7854.724069999997 5.00 485.0 0.0 0 0
19.055 0.045 7854.779509999789 4.39 426.0 0.0 0 0
19.072 0.054 7854.82845999999 5.62 420.0 0.0 0 0
18.960 0.039 7854.876949999947 3.59 485.0 0.0 0 0
18.990 0.043 7855.722389999777 3.75 555.0 0.0 0 0
19.020 0.047 7855.769520000089 4.22 517.0 0.0 0 0
18.932 0.038 7855.817850000225 3.99 487.0 0.0 0 0
19.056 0.051 7855.876259999815 4.31 537.0 0.0 0 0
18.893 0.066 7856.700339999981 6.64 531.0 0.0 0 0
19.067 0.067 7856.7485699998215 6.03 473.0 0.0 0 0
18.941 0.065 7856.795440000016 6.67 470.0 0.0 0 0
18.965 0.075 7856.855779999867 7.15 463.0 0.0 0 0
18.970 0.110 7857.757240000181 6.17 1569.0 0.0 0 0
19.084 0.078 7857.811060000211 6.21 690.0 0.0 0 0
18.826 0.048 7857.85306000011 5.22 512.0 0.0 0 0
18.914 0.039 7858.730800000019 4.47 412.0 0.0 0 0
18.840 0.038 7858.767609999981 4.59 420.0 0.0 0 0
18.856 0.050 7858.801589999814 5.54 496.0 0.0 0 0
18.869 0.040 7858.844359999988 4.98 374.0 0.0 0 0
15.651 0.004 7862.64124999987 5.70 325.0 0.0 0 0
15.685 0.004 7862.688589999918 5.47 306.0 0.0 0 0
16.025 0.005 7862.735609999858 5.60 288.0 0.0 0 0
16.594 0.007 7862.782660000026 5.81 294.0 0.0 0 0
16.923 0.009 7862.831120000221 5.47 305.0 0.0 0 0
