176:270.0988750000, -28.2094166667,      11.00, 2
179:270.0357083330, -29.0826388889,      11.00, 0
194:270.0891250000, -27.8243611111,      11.00, 2
195:270.0357083330, -29.0826388889,      11.00, 0
276:270.0809583330, -28.8938055556,      11.00, 2
417:270.0378333330, -33.0168611111,      11.00, 0
633:270.0196250000, -30.6283055556,      11.00, 0
676:270.0075416670, -34.7211388889,      11.00, 0
689:270.0244166670, -27.8494166667,      11.00, 2
710:270.0828750000, -27.6705833333,      11.00, 0
807:270.0891250000, -27.8243611111,      11.00, 2
882:270.0644583330, -27.5027777778,      11.00, 0
987:270.0632083330, -28.1393888889,      11.00, 2
1043:270.0233333330, -27.2585555556,      11.00, 0
1161:270.0730833330, -27.9900000000,      11.00, 2
1249:270.0435416670, -27.5754166667,      11.00, 0
1304:270.0668333330, -29.6140638889,      11.00, 0
1306:270.0014583330, -31.0824166667,      11.00, 0
1343:264.1900000000, -30.0270000000,      11.00, 0
1410:270.0101666670, -27.2001388889,      11.00, 0
1442:270.0378333330, -33.0168611111,      11.00, 0
1588:270.0527916670, -30.5674944444,      11.00, 0
1606:270.0699583330, -30.0015000000,      11.00, 0
1967:270.0244166670, -27.8494166667,      11.00, 2
2016:270.0549166670, -29.0065277778,      11.00, 0
2049:270.0875833330, -30.6820277778,      11.00, 0
2053:270.0432083330, -28.1569444444,      11.00, 2
2196:270.0432083330, -28.1569444444,      11.00, 2
2303:270.0913750000, -30.2840277778,      11.00, 0
2306:270.0676250000, -27.4853611111,      11.00, 0
2400:270.0419583330, -29.7937555556,      11.00, 0
2433:270.0196250000, -30.6283055556,      11.00, 0
2439:270.0217083330, -29.5364250000,      11.00, 0
2670:270.0526250000, -28.3145277778,      11.00, 2
2688:270.0065000000, -33.8143333333,      11.00, 0
2889:270.0333333330, -26.3194166667,      11.00, 0
